1790375296
1790375298
1790375300
1790375302
1790375304
1790375306
1790375308
1790375310
1790375312
1790375314
1790375316
1790375318
1790375320
1790375322
1790375324
1790375326
1790375328
1790375330
1790375332
1790375334
1790375336
1790375338
1790375340
1790375342
1790375344
1790375346
1790375348
1790375350
1790375352
1790375354
1790375356
1790375358
1790375360
1790375362
1790375364
1790375366
1790375368
1790375370
1790375372
1790375374
1790375376
1790375378
1790375380
1790375382
1790375384
1790375386
1790375388
1790375390
1790375392
1790375394
1790375396
1790375398
1790375400
1790375403
1790375405
1790375407
1790375409
1790375411
1790375413
1790375415
1790375417
1790375419
1790375421
1790375423
1790375425
1790375427
1790375429
1790375431
1790375433
1790375435
1790375437
1790375439
1790375441
1790375443
1790375445
1790375447
1790375449
1790375451
1790375453
1790375455
1790375457
1790375459
1790375461
1790375463
1790375465
1790375467
1790375469
1790375471
1790375473
1790375475
1790375477
1790375479
1790375481
1790375483
1790375485
1790375487
1790375489
1790375491
1790375493
1790375495
1790375497
1790375499
1790375501
1790375503
1790375505
1790375507
1790375509
1790375511
1790375513
1790375515
1790375517
1790375519
1790375521
1790375523
1790375525
1790375527
1790375529
1790375531
1790375533
1790375535
1790375537
1790375539
1790375541
1790375543
1790375545
1790375547
1790375549
1790375551
1790375553
1790375555
1790375558
1790375560
1790375562
1790375564
1790375566
1790375568
1790375570
1790375572
1790375574
1790375576
1790375578
1790375580
1790375582
1790375584
1790375586
1790375588
1790375590
1790375592
1790375594
1790375596
1790375598
1790375600
1790375602
1790375604
1790375606
1790375608
1790375610
1790375612
1790375614
1790375616
1790375618
1790375620
1790375622
1790375624
1790375626
1790375628
1790375630
1790375632
1790375634
1790375636
1790375638
1790375640
1790375642
1790375644
1790375646
1790375648
1790375650
1790375652
1790375654
1790375656
1790375658
1790375660
1790375662
1790375664
1790375666
1790375668
1790375670
1790375672
1790375674
1790375676
1790375678
1790375680
1790375682
1790375684
1790375686
1790375688
1790375690
1790375692
1790375694
1790375696
